 13  (13)   7    1   12   12   11   11   11   11   11   11  
 13   13   (7)   1   12   -1   (2)   2    2    2    2    2  
  4   -1    7    1   12   12    2    9    9    9    9    9  
  4    7    7    1   -1   12    2    9   (9)  (9)   9   (9) 
  4    7   -1    1   {1}  12    2   (3)   3    3   [3]  (3) 
  4    7   10   10    1   12    2    3    3    3    3    3  
  4    7   10   10    1   12    2   -1   -1   -1    5    5  
  4    7   10   10    1   12    2    6    6    6    5    8  
 (4)   7   10   10    1   12    2    6   -2    6    5   (8) 
  4    7   10   10    1   12    2    6   -2    6    5    8  
